0
0.2
0.4
0.5
0.6
0.7
0.8
0.9
1.4
1.6
1.7
1.8
2
2.1
2.4
2.6
2.7
2.8
3.4
3.5
3.8
3.9
4
4.2
4.4
4.7
4.8
4.9
5
5.1
5.3
5.7
5.8
5.9
6
6.3
6.5
6.8
6.9
7
7.3
7.4
7.5
7.8
7.9
8
8.1
8.2
8.3
8.4
8.6
8.9
9
9.1
9.2
9.3
9.4
9.6
9.7
9.9
10
10.1
10.2
10.3
10.5
10.9
11
11.1
11.8
11.9
12.1
12.2
12.3
12.4
12.5
12.6
12.8
13
13.1
13.2
13.3
13.4
13.5
13.8
13.9
14.1
14.2
14.3
14.4
14.5
14.6
14.8
14.9
15.1
15.2
15.3
15.5
15.6
15.9
16.2
16.3
16.4
16.5
16.6
16.7
16.8
17
17.2
17.3
17.4
17.7
17.8
18
18.2
18.3
18.4
18.5
18.7
18.8
18.9
19.1
19.3
19.4
19.5
19.8
19.9
20.1
20.3
20.4
20.5
21.2
21.3
21.5
21.6
21.7
22
22.3
22.4
22.5
22.6
22.8
22.9
23.1
23.2
23.3
23.4
23.5
23.7
23.9
24
24.2
24.4
24.6
24.7
24.8
24.9
25
25.2
25.6
25.7
25.9
26
26.2
26.3
26.7
275.6
275.9
276.1
276.3
276.4
276.5
276.6
276.7
276.8
277.3
277.5
277.6
277.7
277.9
278
278.3
278.5
278.6
278.7
279.3
279.4
279.7
279.8
279.9
280.1
280.3
280.6
280.7
280.8
280.9
281
281.2
281.6
281.7
281.8
281.9
282.2
282.4
282.7
282.8
282.9
283.2
283.3
283.4
283.7
283.8
283.9
284
284.1
284.2
284.3
284.6
284.8
284.9
285
285.1
285.2
285.3
285.5
285.6
285.8
285.9
286
286.1
286.2
286.4
286.8
287
287.1
287.7
287.8
288
288.1
288.2
288.3
288.4
288.5
288.7
288.9
289
289.1
289.2
289.3
289.5
289.7
289.8
290
290.1
290.2
290.3
290.4
290.5
290.7
290.8
291
291.1
291.2
291.4
291.5
291.8
292.1
292.2
292.3
292.4
292.5
292.6
292.7
292.9
293.1
293.2
293.3
293.6
293.7
293.9
294.1
294.2
294.3
294.5
294.6
294.7
294.8
295
295.2
295.3
295.4
295.7
295.8
296
296.2
296.3
296.4
297.1
297.2
297.4
297.5
297.6
297.9
298.2
298.3
298.4
298.5
298.7
298.8
299
299.1
299.2
299.3
299.5
299.6
299.8
299.9
300.1
300.3
300.5
300.6
300.7
300.8
300.9
301.1
301.5
301.6
301.9
302
302.1
302.2
302.6
549.9
550.2
550.5
550.7
550.8
550.9
551
551.1
551.2
551.6
551.8
551.9
552
552.2
552.3
552.6
552.9
553
553.1
553.7
553.8
554
554.1
554.2
554.4
554.6
554.9
555
555.1
555.3
555.4
555.6
556
556.1
556.2
556.3
556.5
556.7
557
557.1
557.2
557.5
557.6
557.8
558.1
558.2
558.3
558.4
558.5
558.6
558.7
558.9
559.1
559.2
559.3
559.4
559.5
559.6
559.8
559.9
560.1
560.3
560.4
560.5
560.6
560.8
561.2
561.3
561.4
562
562.1
562.3
562.4
562.5
562.6
562.8
562.9
563.1
563.3
563.4
563.5
563.6
563.7
563.8
564
564.1
564.3
564.4
564.5
564.6
564.7
564.8
565
565.1
565.4
565.5
565.6
565.8
565.9
566.2
566.4
566.5
566.6
566.7
566.8
566.9
567
567.2
567.4
567.5
567.6
568
568.1
568.3
568.5
568.6
568.7
568.8
568.9
569
569.1
569.3
569.5
569.6
569.7
570
570.2
570.4
570.6
570.7
570.8
571.4
571.5
571.7
571.8
571.9
572.2
572.5
572.7
572.8
572.9
573.1
573.2
573.4
573.5
573.6
573.7
573.8
573.9
574.1
574.2
574.4
574.6
574.8
574.9
575
575.2
575.3
575.5
575.9
576
576.2
576.3
576.4
576.5
576.9
825.4
825.7
825.9
826.2
826.3
826.4
826.5
826.6
826.7
827.1
827.3
827.4
827.5
827.7
827.8
828.1
828.3
828.4
828.6
829.2
829.3
829.5
829.6
829.7
829.9
830.1
830.4
830.5
830.6
830.7
830.8
831.1
831.5
831.6
831.7
831.8
832
832.2
832.5
832.6
832.7
833
833.1
833.2
833.6
833.7
833.8
833.9
834
834.1
834.2
834.4
834.6
834.7
834.8
834.9
835
835.1
835.3
835.4
835.6
835.7
835.8
835.9
836.1
836.3
836.7
836.8
836.9
837.5
837.6
837.8
837.9
838
838.1
838.2
838.3
838.6
838.8
838.9
839
839.1
839.2
839.3
839.5
839.6
839.8
839.9
840
840.1
840.2
840.3
840.5
840.6
840.8
841
841.1
841.3
841.4
841.7
841.9
842
842.1
842.2
842.3
842.4
842.5
842.7
842.9
843
843.1
843.5
843.6
843.8
844
844.1
844.2
844.3
844.4
844.5
844.6
844.8
845
845.1
845.2
845.5
845.6
845.8
846.1
846.2
846.3
846.9
847
847.2
847.3
847.4
847.7
848
848.1
848.2
848.3
848.6
848.7
848.9
849
849.1
849.2
849.3
849.4
849.6
849.7
849.9
850.1
850.3
850.4
850.5
850.6
850.7
851
851.4
851.5
851.7
851.8
851.9
852
852.4
